3000000002802100,10
3000000002802300,10
3000000002830100,10
3000000002876700,10
3000000002877200,10
3000000002958300,10
3000000002958400,10
3000000002958500,10
3000000002958600,10
3000000002958700,10
3000000002958800,10
3000000002958900,10
3000000002959000,10
3000000002959100,10
3000000002959200,10
3000000002959300,10
3000000002959400,10
3000000002959500,10
3000000002959600,10
3000000002959700,10
3000000002959800,10
3000000003004500,10
3000000003004600,10
3000000003004700,10
3000000003016500,10
3000000003016600,10
3000000003080600,10
3000000003494200,10
3000000003494300,10
3000000003494400,10
20161107000014600,10
20161108000054100,10
20161110000032300,10
20161110000038200,10
3000000003054901,10
3000000003209201,10
3000000003209301,10
3000000003209401,10
3000000003209501,10
3000000003209601,10
3000000003209701,10
3000000003209801,10
3000000003209901,10
3000000003319401,10
3000000003489701,10
3000000003489801,10
3000000003489901,10
3000000003490001,10
3000000003490101,10
3000000003490201,10
3000000003490301,10
20161104007621901,10
20161104007624701,10
20161105000010601,10
20161105000012201,10
3000000002995002,10
3000000002995102,10
3000000002995202,10
3000000002995302,10
3000000003006202,10
3000000003020202,10
3000000003020302,10
3000000003120302,10
3000000003120502,10
3000000003120602,10
3000000003150902,10
3000000003488802,10
3000000003491502,10
3000000003491602,10
3000000003502902,10
20161107000016402,10
20161108000049502,10
20161109000013102,10
20161109000464702,10
20161110000019602,10
3000000002855903,10
3000000002856303,10
3000000002856703,10
3000000002856803,10
3000000002856903,10
3000000002865903,10
3000000002988403,10
3000000002988503,10
3000000002988603,10
3000000002988703,10
3000000002993403,10
3000000002993503,10
3000000002993603,10
3000000002993703,10
3000000002993803,10
3000000002993903,10
3000000002994003,10
3000000002994103,10
3000000002994203,10
3000000002994303,10
3000000002997803,10
3000000002997903,10
3000000002998003,10
3000000002998103,10
3000000002998203,10
3000000002998303,10
3000000002998403,10
3000000002998503,10
3000000002998603,10
3000000003013403,10
3000000003013603,10
3000000003013703,10
3000000003021103,10
3000000003021303,10
3000000003021403,10
3000000003021503,10
3000000003031803,10
3000000003066803,10
3000000003066903,10
3000000003067003,10
3000000003067103,10
3000000003097603,10
3000000003117203,10
3000000003117303,10
3000000003117403,10
3000000003117503,10
3000000003117803,10
3000000003117903,10
3000000003259603,10
3000000003315603,10
3000000003315703,10
3000000003488403,10
3000000003488503,10
3000000003515703,10
20161104007623103,10
20161106000021103,10
20161108000027503,10
20161108000030703,10
20161108000045103,10
20161109000009403,10
20161110000005003,10
20161110000028003,10
20161110000028303,10
20161108000054504,10
3000000002801805,10
3000000002802005,10
3000000002876405,10
3000000002876505,10
3000000002876605,10
3000000002995805,10
20161108000044205,10
20161108000070505,10
20161109000020805,10
20161110000018405,10
20161110000021005,10
3000000003173606,10
3000000003173706,10
3000000003173806,10
3000000003487806,10
20161104007623006,10
20161104007628106,10
20161106000022106,10
20161107000007806,10
20161107000011306,10
20161108000058306,10
20161108000058806,10
20161109000021906,10
20161109000473106,10
20161110000001306,10
20161110000037206,10
20161110000052706,10
3000000002995907,10
3000000002996007,10
3000000002996107,10
3000000002996207,10
3000000002996307,10
3000000003116707,10
3000000003116807,10
3000000003116907,10
3000000003117007,10
3000000003176007,10
3000000003176407,10
20161104007628307,10
20161107000012807,10
20161107000022807,10
20161108000034807,10
20161108000057707,10
20161109000472807,10
3000000002959908,10
3000000002960008,10
3000000002960108,10
3000000002960208,10
3000000002960308,10
3000000002960408,10
3000000002960508,10
3000000002960608,10
3000000002960708,10
3000000002960808,10
3000000002960908,10
3000000002961008,10
3000000002985708,10
3000000003140208,10
3000000003140308,10
3000000003140408,10
3000000003140508,10
3000000003140608,10
3000000003225308,10
3000000003225408,10
20161104007626808,10
20161107000023108,10
20161108000059008,10
20161109000031008,10
3000000002865809,10
3000000002988809,10
3000000003067209,10
20161105000000109,10
20161107000013809,10
20161109000004309,10
20161110000005709,10
20161110000015609,10
3000000002836310,10
3000000002836410,10
3000000002836510,10
3000000002836610,10
3000000002836710,10
3000000003151910,10
3000000003152410,10
3000000003152510,10
3000000003182710,10
3000000003183110,10
3000000003183210,10
3000000003183310,10
3000000003183410,10
3000000003183510,10
3000000003195410,10
3000000003318210,10
3000000003318310,10
3000000003319210,10
20161106000023410,10
20161107000004410,10
20161109000008710,10
20161109000020710,10
20161109000030110,10
3000000003054811,10
3000000003080111,10
3000000003080311,10
3000000003337211,10
3000000003337311,10
3000000003337411,10
3000000003337511,10
3000000003337611,10
3000000003338411,10
3000000003338511,10
3000000003338611,10
3000000003338711,10
3000000003338811,10
3000000003338911,10
3000000003339011,10
3000000003339111,10
20161105000007111,10
20161106000021211,10
20161107000000511,10
20161108000047311,10
20161108000070411,10
3000000003175112,10
3000000003175212,10
3000000003241712,10
3000000003275612,10
20161110000032512,10
3000000003238713,10
3000000003238813,10
3000000003238913,10
3000000003239013,10
3000000003239113,10
3000000003239213,10
3000000003494113,10
20161108000054713,10
20161110000043013,10
3000000003455514,10
3000000003455614,10
3000000003455714,10
3000000003455814,10
3000000003455914,10
3000000003456014,10
3000000003456114,10
3000000003456214,10
3000000003456314,10
3000000003456414,10
3000000003456514,10
3000000003456614,10
3000000003456714,10
3000000003456814,10
3000000003456914,10
3000000003469514,10
3000000003469714,10
20161104007625014,10
20161105000015114,10
20161107000020514,10
20161108000038514,10
20161109000003414,10
20161109000472514,10
3000000003179515,10
3000000003454115,10
3000000003454215,10
3000000003454315,10
3000000003454415,10
3000000003454515,10
3000000003531615,10
3000000003531715,10
3000000003531815,10
3000000003531915,10
3000000003554315,10
20161108000024015,10
20161108000030315,10
20161109000003615,10
20161109000030215,10
20161110000022215,10
3000000002996416,10
3000000002996516,10
3000000002996616,10
3000000002996716,10
3000000002996816,10
3000000002996916,10
3000000003031916,10
3000000003032016,10
3000000003118016,10
3000000003118116,10
3000000003118216,10
3000000003121616,10
3000000003121716,10
3000000003121816,10
20161106000010916,10
20161108000047516,10
3000000003314717,10
3000000003314817,10
3000000003314917,10
3000000003382917,10
3000000003383017,10
3000000003383217,10
3000000003383417,10
3000000003383717,10
3000000003383917,10
3000000003384017,10
3000000003384117,10
3000000003384317,10
3000000003384517,10
3000000003384617,10
3000000003384817,10
3000000003385117,10
3000000003385317,10
3000000003385517,10
3000000003385717,10
3000000003385917,10
3000000003386117,10
3000000003386317,10
3000000003386517,10
3000000003386717,10
3000000003386917,10
3000000003387117,10
3000000003454617,10
3000000003454717,10
3000000003478517,10
3000000003478617,10
3000000003478717,10
3000000003490717,10
3000000003490817,10
3000000003490917,10
3000000003491017,10
3000000003491117,10
3000000003491217,10
3000000003491317,10
3000000003491417,10
3000000003515517,10
3000000003515817,10
20161107000001517,10
20161109000011217,10
3000000002838218,10
3000000003175318,10
3000000003175418,10
3000000003175518,10
3000000003175618,10
3000000003175718,10
3000000003175818,10
3000000003175918,10
3000000003176318,10
3000000003212318,10
3000000003212418,10
3000000003212518,10
3000000003212618,10
3000000003212718,10
3000000003212818,10
3000000003212918,10
3000000003213018,10
3000000003213118,10
3000000003213218,10
3000000003213318,10
3000000003213418,10
3000000003213518,10
20161104007630918,10
20161108000021618,10
20161108000046618,10
3000000002867719,10
3000000003237619,10
3000000003488619,10
3000000003488719,10
20161104007621419,10
20161104007630819,10
20161104007632219,10
20161104007633219,10
20161107000009419,10
20161109000022519,10
20161109000032519,10
20161109000463719,10
20161109000472919,10
20161110000004219,10
20161110000008519,10
20161110000022419,10
3000000002864820,10
3000000003006020,10
3000000003006120,10
3000000003045320,10
3000000003187020,10
3000000003187120,10
3000000003187220,10
3000000003187320,10
3000000003207120,10
3000000003207220,10
3000000003207320,10
3000000003207420,10
3000000003258920,10
3000000003387420,10
3000000003387620,10
3000000003387820,10
3000000003388020,10
3000000003388220,10
3000000003388420,10
3000000003388620,10
3000000003388820,10
3000000003389020,10
3000000003389220,10
3000000003389420,10
3000000003389620,10
3000000003389820,10
3000000003390020,10
3000000003390220,10
3000000003390420,10
3000000003457020,10
3000000003457120,10
3000000003457220,10
3000000003457320,10
3000000003457420,10
3000000003457520,10
3000000003457620,10
3000000003457720,10
3000000003457820,10
3000000003457920,10
3000000003477720,10
20161107000022420,10
20161108000021420,10
20161108000036520,10
20161109000014820,10
20161109000473820,10
20161110000042420,10
3000000002830021,10
3000000003020621,10
3000000003020721,10
20161107000006921,10
20161108000021221,10
20161110000001821,10
20161110000032221,10
3000000002856422,10
3000000002856522,10
3000000002856622,10
3000000002857022,10
3000000002857122,10
3000000002857222,10
3000000002857322,10
3000000002963722,10
3000000002963822,10
3000000002963922,10
3000000002965822,10
3000000002965922,10
3000000002966022,10
3000000003207522,10
3000000003211222,10
3000000003211322,10
3000000003211422,10
3000000003211522,10
3000000003211622,10
3000000003211722,10
3000000003211822,10
3000000003211922,10
3000000003212022,10
3000000003212122,10
3000000003251522,10
3000000003251622,10
20161105000019422,10
20161107000004322,10
3000000002997023,10
3000000002997123,10
3000000002997223,10
20161109000015923,10
20161110000004023,10
3000000002882124,10
3000000002882224,10
3000000002882324,10
3000000002882424,10
3000000002882524,10
3000000002913324,10
3000000002913424,10
3000000003024324,10
3000000003024524,10
3000000003037124,10
3000000003037224,10
3000000003053724,10
3000000003054124,10
3000000003054224,10
3000000003054324,10
3000000003054424,10
3000000003054524,10
3000000003054624,10
3000000003054724,10
3000000003059024,10
3000000003185324,10
3000000003210824,10
3000000003327524,10
3000000003327624,10
3000000003327724,10
3000000003327824,10
3000000003327924,10
3000000003328024,10
3000000003328124,10
3000000003328224,10
3000000003328324,10
3000000003328424,10
3000000003328524,10
3000000003328624,10
3000000003328724,10
3000000003333424,10
3000000003333524,10
3000000003333624,10
3000000003333724,10
3000000003333824,10
20161104007621824,10
20161107000032124,10
20161109000022624,10
20161109000354724,10
20161110000009524,10
3000000003173325,10
3000000003173425,10
3000000003173525,10
20161108000025725,10
20161108000059225,10
20161109000004125,10
20161109000463625,10
20161109000464025,10
20161110000016525,10
20161110000024625,10
20161110000025425,10
20161110000034525,10
3000000002802426,10
3000000002802526,10
3000000002802626,10
3000000002876926,10
3000000002877026,10
3000000002877126,10
3000000003465326,10
3000000003491726,10
3000000003491826,10
3000000003491926,10
3000000003492026,10
3000000003492126,10
3000000003492226,10
3000000003492326,10
3000000003515926,10
20161107000033126,10
20161108000059426,10
20161110000019426,10
20161110000031126,10
3000000002863627,10
3000000002863727,10
3000000002864627,10
3000000002864727,10
3000000002891527,10
3000000002891627,10
3000000002891727,10
3000000002891827,10
3000000002891927,10
3000000002988927,10
3000000002989127,10
3000000002989227,10
3000000003380427,10
3000000003380527,10
3000000003465827,10
3000000003477927,10
3000000003478027,10
3000000003478127,10
3000000003478227,10
3000000003478427,10
20161106000000127,10
20161106000016127,10
20161108000044027,10
20161110000006527,10
3000000003013828,10
3000000003013928,10
3000000003014028,10
3000000003014128,10
3000000003014228,10
3000000003014328,10
3000000003014428,10
3000000003014528,10
3000000003014628,10
3000000003014728,10
3000000003014828,10
3000000003014928,10
3000000003015028,10
3000000003015128,10
3000000003015228,10
3000000003015328,10
3000000003015428,10
3000000003015528,10
3000000003015628,10
3000000003015728,10
3000000003015828,10
3000000003015928,10
3000000003020428,10
3000000003021928,10
3000000003022028,10
3000000003022128,10
3000000003022228,10
3000000003240728,10
3000000003488028,10
3000000003488128,10
3000000003488228,10
3000000003488328,10
3000000003496228,10
3000000003496328,10
3000000003496528,10
3000000003496628,10
3000000003496728,10
3000000003496828,10
3000000003496928,10
20161105000008128,10
20161106000016728,10
20161108000043528,10
20161108000043928,10
20161109000463928,10
20161109000465628,10
20161110000005528,10
20161110000010028,10
3000000003271629,10
3000000003338329,10
20161106000011429,10
3000000002881030,10
3000000002881130,10
3000000002881230,10
3000000002881330,10
3000000002881430,10
3000000002881530,10
20161107000017530,10
20161108000045230,10
20161109000001430,10
20161110000000530,10
20161110000013730,10
20161110000027530,10
20161110000029830,10
20161110000033930,10
3000000003315931,10
3000000003316131,10
3000000003316531,10
3000000003316631,10
3000000003316831,10
3000000003317431,10
3000000003317531,10
20161105000001431,10
20161109000474031,10
20161111000012731,10
3000000002858032,10
3000000002858132,10
3000000002858232,10
3000000002858332,10
3000000002858432,10
3000000002858532,10
3000000002858632,10
3000000002858732,10
3000000002858832,10
3000000002858932,10
3000000002859032,10
3000000002859132,10
3000000002859232,10
3000000002859332,10
3000000002859432,10
3000000002859532,10
3000000003013232,10
3000000003013332,10
20161105000010332,10
20161107000009132,10
20161109000008632,10
20161109000340132,10
3000000003171333,10
3000000003171433,10
20161104007628033,10
20161110000009933,10
20161110000018333,10
3000000003019134,10
3000000003019334,10
3000000003019634,10
3000000003019934,10
3000000003020034,10
3000000003120734,10
3000000003121034,10
3000000003121534,10
3000000003131734,10
3000000003140834,10
3000000003140934,10
20161104007624434,10
20161106000026134,10
20161108000021534,10
20161109000465034,10
20161110000003434,10
20161110000050334,10
3000000002802235,10
3000000002876835,10
3000000003006435,10
3000000003006535,10
3000000003006635,10
3000000003080435,10
3000000003080535,10
3000000003097935,10
3000000003098035,10
3000000003173135,10
3000000003173235,10
20161107000031035,10
20161108000045435,10
20161109000014235,10
20161110000010935,10
3000000003270736,10
3000000003270836,10
3000000003485336,10
3000000003485436,10
20161105000008436,10
20161106000016536,10
20161108000059736,10
20161109000011736,10
20161109000016136,10
20161110000011236,10
20161110000034736,10
3000000003240837,10
3000000003318437,10
3000000003318537,10
3000000003395237,10
3000000003395337,10
3000000003530837,10
3000000003530937,10
20161109000472737,10
20161110000006437,10
20161110000016237,10
3000000003090038,10
3000000003090138,10
20161105000018738,10
20161107000008238,10
20161107000012738,10
20161107000018038,10
20161108000058538,10
20161109000374638,10
20161110000010638,10
20161110000016438,10
20161104007631739,10
20161108000047739,10
20161108000055639,10
20161110000008739,10
3000000002836840,10
3000000002836940,10
3000000002837340,10
3000000002837440,10
3000000002837540,10
3000000002837640,10
3000000002956240,10
3000000002956340,10
3000000003225540,10
3000000003225640,10
3000000003225740,10
3000000003460440,10
3000000003460540,10
3000000003495040,10
3000000003516040,10
20161106000014040,10
20161106000024940,10
20161107000011440,10
20161108000046440,10
20161109000014540,10
20161109000032340,10
20161109000360840,10
3000000003093341,10
20161109000013841,10
20161109000465141,10
3000000002863542,10
3000000003020542,10
20161105000013542,10
20161106000012442,10
20161107000019542,10
20161109000032242,10
20161109000464142,10
20161110000007842,10
20161110000039542,10
3000000002994543,10
3000000002994643,10
3000000002994743,10
3000000002994843,10
3000000002994943,10
3000000003172743,10
3000000003172843,10
3000000003172943,10
3000000003173043,10
20161104007631243,10
20161105000010143,10
20161108000057943,10
20161109000030043,10
20161110000002443,10
3000000003463644,10
3000000003463744,10
20161105000012444,10
20161105000016944,10
20161108000058944,10
20161109000002744,10
20161109000032444,10
20161110000007644,10
20161110000012844,10
20161110000021244,10
3000000003174845,10
3000000003174945,10
3000000003175045,10
3000000003210945,10
3000000003211045,10
3000000003211145,10
3000000003226745,10
3000000003226845,10
3000000003226945,10
3000000003227045,10
3000000003227145,10
3000000003227245,10
3000000003227345,10
3000000003227445,10
3000000003227545,10
3000000003227645,10
3000000003227745,10
3000000003227845,10
3000000003227945,10
3000000003228145,10
3000000003228245,10
3000000003228345,10
3000000003228445,10
3000000003228545,10
3000000003228645,10
20161104007634645,10
20161107000017445,10
20161110000019345,10
20161110000051345,10
20161105000017746,10
20161107000000046,10
20161107000012046,10
20161107000015046,10
20161110000017546,10
3000000003083547,10
3000000003083647,10
3000000003083747,10
3000000003083847,10
3000000003083947,10
3000000003185247,10
3000000003268647,10
3000000003268747,10
3000000003394347,10
3000000003394847,10
3000000003394947,10
3000000003395047,10
3000000003477847,10
3000000003530447,10
3000000003531247,10
3000000003531347,10
3000000003531447,10
3000000003531547,10
20161104007622847,10
3000000002838348,10
3000000002879748,10
3000000002879848,10
3000000003117148,10
3000000003324648,10
3000000003324748,10
3000000003324848,10
3000000003486648,10
3000000003486748,10
3000000003486848,10
3000000003486948,10
3000000003487048,10
3000000003487148,10
3000000003487248,10
3000000003487348,10
3000000003487448,10
3000000003487548,10
3000000003487648,10
3000000003487748,10
3000000003487948,10
20161108000054648,10
20161109000013948,10
20161110000026448,10
3000000002780949,10
3000000002781049,10
3000000002781349,10
3000000003090249,10
3000000003090349,10
3000000003090449,10
3000000003090549,10
3000000003090649,10
3000000003090749,10
3000000003090849,10
3000000003090949,10
3000000003091049,10
3000000003091149,10
3000000003091249,10
3000000003091349,10
3000000003098349,10
3000000003120249,10
3000000003126449,10
3000000003126549,10
3000000003225949,10
3000000003226049,10
3000000003226149,10
3000000003333249,10
3000000003333349,10
3000000003530749,10
20161104007633449,10
20161107000017949,10
20161110000012049,10
3000000002857450,10
3000000002857550,10
3000000002857650,10
3000000002857750,10
3000000002857850,10
3000000002857950,10
3000000002877350,10
3000000002877450,10
3000000002877550,10
3000000002877650,10
3000000002877750,10
3000000002933750,10
3000000002933850,10
3000000002993250,10
3000000002993350,10
3000000002997350,10
3000000003006750,10
3000000003489450,10
3000000003489550,10
3000000003489650,10
20161104007635050,10
20161108000045750,10
20161109000006350,10
20161109000031150,10
20161110000008650,10
20161110000031850,10
3000000002892651,10
3000000002892851,10
3000000002892951,10
3000000002893151,10
3000000003005751,10
3000000003005851,10
20161105000005851,10
20161107000023551,10
20161107000033051,10
20161109000015551,10
3000000002859952,10
3000000002860052,10
3000000002860152,10
3000000002860252,10
3000000002860352,10
3000000002873952,10
3000000003084052,10
3000000003084152,10
3000000003084252,10
3000000003268552,10
3000000003347452,10
20161109000004752,10
20161110000021952,10
3000000003020153,10
3000000003172453,10
3000000003172553,10
3000000003172653,10
20161110000029953,10
3000000002994454,10
20161105000000754,10
20161110000040654,10
20161107000021855,10
20161107000022955,10
20161109000007855,10
20161109000009255,10
20161110000016855,10
20161110000021555,10
3000000002961156,10
3000000002961256,10
3000000002961356,10
3000000002961456,10
3000000002961556,10
3000000002961656,10
3000000002961756,10
3000000002961856,10
3000000002961956,10
3000000002962056,10
3000000002962156,10
3000000002962256,10
3000000002962356,10
3000000003195256,10
3000000003328856,10
3000000003328956,10
3000000003329056,10
3000000003329156,10
3000000003329256,10
3000000003329356,10
3000000003329456,10
3000000003329556,10
3000000003329656,10
3000000003329756,10
3000000003329956,10
3000000003330156,10
20161110000004756,10
3000000003130057,10
3000000003130157,10
3000000003130357,10
3000000003319357,10
3000000003467957,10
3000000003489157,10
3000000003489257,10
3000000003489357,10
20161105000015257,10
20161107000021757,10
20161109000003857,10
20161109000016657,10
20161109000023057,10
20161109000031457,10
20161109000033257,10
20161110000015957,10
20161110000022757,10
20161110000039657,10
3000000002931758,10
3000000002931858,10
3000000002931958,10
3000000002932058,10
3000000002932158,10
3000000002932258,10
3000000002932358,10
3000000003269258,10
20161105000001058,10
20161106000020258,10
20161107000018958,10
20161108000027158,10
20161108000058158,10
20161109000014658,10
20161109000464958,10
20161110000000058,10
20161110000002958,10
20161110000011758,10
20161110000033458,10
20161110000041558,10
3000000003016459,10
3000000003022359,10
3000000003022459,10
3000000003022559,10
3000000003027759,10
3000000003032359,10
3000000003118359,10
3000000003118459,10
3000000003118559,10
3000000003212259,10
3000000003325459,10
3000000003325559,10
3000000003325659,10
3000000003325759,10
3000000003325859,10
3000000003325959,10
3000000003326059,10
3000000003530159,10
20161104007625859,10
20161104007633759,10
20161105000007259,10
20161107000015159,10
3000000002998860,10
3000000002998960,10
3000000003037360,10
3000000003037560,10
3000000003037660,10
3000000003037760,10
3000000003037860,10
3000000003037960,10
3000000003038060,10
3000000003038160,10
3000000003038260,10
3000000003038360,10
3000000003038460,10
3000000003038560,10
3000000003038660,10
3000000003038860,10
3000000003038960,10
3000000003039060,10
3000000003039160,10
3000000003039260,10
3000000003039360,10
3000000003039460,10
3000000003039560,10
3000000003039660,10
3000000003039760,10
3000000003039860,10
3000000003039960,10
3000000003040060,10
3000000003058460,10
3000000003144260,10
3000000003144360,10
3000000003144460,10
3000000003144560,10
3000000003144660,10
3000000003144760,10
3000000003144860,10
3000000003144960,10
3000000003145060,10
3000000003145360,10
3000000003332960,10
3000000003333060,10
3000000003333160,10
3000000003353560,10
3000000003353660,10
3000000003469360,10
3000000003469460,10
20161104007631060,10
20161110000007960,10
20161110000018660,10
3000000002962461,10
3000000002962561,10
3000000002962661,10
3000000002962761,10
3000000002962861,10
3000000002962961,10
3000000002963061,10
3000000002963161,10
3000000002963261,10
3000000002963361,10
3000000002963461,10
3000000002963561,10
3000000002963661,10
3000000002966661,10
3000000003016061,10
3000000003020861,10
3000000003038761,10
3000000003085061,10
3000000003085161,10
3000000003085261,10
3000000003085361,10
3000000003085561,10
20161108000048761,10
20161110000008361,10
20161110000037861,10
3000000003086062,10
3000000003088462,10
3000000003088562,10
3000000003092362,10
3000000003092462,10
3000000003092562,10
3000000003092662,10
3000000003092762,10
3000000003092862,10
3000000003093062,10
3000000003093162,10
3000000003093262,10
3000000003115262,10
3000000003115362,10
3000000003115462,10
3000000003115562,10
3000000003115662,10
3000000003115762,10
3000000003115862,10
3000000003115962,10
3000000003116062,10
3000000003116162,10
3000000003116262,10
3000000003116362,10
3000000003116462,10
3000000003116562,10
3000000003116662,10
3000000003485562,10
3000000003485662,10
3000000003485762,10
3000000003485862,10
3000000003485962,10
3000000003486062,10
3000000003486162,10
3000000003486262,10
3000000003486362,10
3000000003486462,10
3000000003486562,10
20161105000005962,10
20161107000032462,10
20161108000070362,10
20161109000001962,10
20161110000030162,10
3000000002847363,10
3000000002847463,10
3000000002847563,10
3000000002847663,10
3000000002865163,10
3000000002867863,10
3000000002867963,10
3000000002868063,10
3000000002868263,10
3000000002868363,10
3000000002868463,10
3000000002868563,10
3000000002868663,10
3000000002868763,10
3000000002868863,10
3000000002868963,10
3000000002869063,10
3000000002869263,10
3000000002870163,10
3000000002870263,10
3000000002870363,10
3000000002986963,10
3000000002987063,10
3000000002987163,10
3000000002987263,10
3000000003171563,10
20161104007623963,10
20161104007624663,10
20161110000004663,10
20161110000037163,10
3000000002930964,10
3000000002931064,10
3000000002931164,10
3000000002931264,10
3000000002931364,10
3000000002931464,10
3000000002931564,10
3000000002931664,10
3000000002932464,10
3000000002932564,10
3000000002932664,10
3000000002932764,10
3000000002932864,10
3000000002932964,10
3000000002933064,10
3000000002933164,10
3000000002933264,10
3000000002933364,10
3000000002933464,10
3000000002933564,10
3000000002933664,10
3000000002936464,10
20161104007622964,10
20161104007632564,10
20161105000015764,10
20161109000021764,10
20161110000006364,10
3000000003226265,10
3000000003226365,10
3000000003226465,10
3000000003226565,10
3000000003226665,10
20161107000010565,10
20161107000031365,10
20161108000045865,10
20161109000006465,10
20161109000022465,10
20161110000053365,10
20161111000011765,10
3000000002782366,10
3000000002877866,10
3000000002877966,10
3000000002878066,10
3000000002878166,10
3000000002878266,10
3000000002878366,10
3000000002878466,10
3000000002911866,10
3000000002911966,10
3000000002912066,10
3000000002918066,10
20161109000004266,10
20161110000031566,10
3000000002879967,10
3000000002880067,10
3000000002880167,10
3000000002880267,10
3000000002880367,10
3000000002880467,10
3000000002880567,10
3000000002880667,10
3000000002880767,10
3000000002880867,10
3000000002883567,10
3000000002883667,10
3000000002883767,10
3000000002912167,10
3000000002912267,10
3000000002912367,10
3000000002912467,10
3000000002912567,10
3000000002912667,10
3000000002912767,10
3000000002912867,10
3000000002912967,10
3000000002913067,10
3000000002913167,10
3000000002913267,10
20161105000014667,10
20161107000001667,10
20161107000023367,10
20161109000022167,10
20161110000001467,10
3000000003022968,10
3000000003023068,10
3000000003023168,10
3000000003023268,10
3000000003023368,10
3000000003023568,10
3000000003024068,10
3000000003032568,10
3000000003239368,10
3000000003239468,10
3000000003239568,10
3000000003239668,10
3000000003239768,10
3000000003239868,10
3000000003239968,10
3000000003240068,10
3000000003240168,10
3000000003240268,10
3000000003240368,10
3000000003240468,10
3000000003240568,10
3000000003240668,10
20161107000011168,10
20161107000020168,10
20161108000046068,10
20161110000001968,10
20161110000034068,10
20161104007628669,10
20161107000021169,10
20161110000029269,10
20161110000039169,10
3000000003259070,10
3000000003259170,10
3000000003259270,10
3000000003259370,10
3000000003259470,10
3000000003259570,10
20161107000009270,10
20161107000031970,10
20161109000465870,10
20161110000019270,10
20161110000050970,10
20161111000013970,10
3000000002862971,10
3000000002863071,10
3000000002863171,10
3000000002863271,10
3000000002863371,10
3000000002863471,10
3000000002893471,10
3000000002893571,10
3000000002893671,10
3000000002893771,10
3000000002893871,10
3000000002893971,10
3000000002894071,10
3000000002894171,10
3000000002894271,10
3000000002894371,10
3000000002967471,10
3000000002987371,10
3000000002987471,10
3000000002987571,10
3000000002987671,10
3000000002987771,10
3000000002987871,10
3000000002987971,10
3000000002988071,10
3000000002988171,10
3000000002988271,10
3000000002988371,10
3000000003031671,10
3000000003066071,10
3000000003066171,10
3000000003066271,10
3000000003066371,10
3000000003066471,10
3000000003066571,10
3000000003066671,10
3000000003066771,10
3000000003097571,10
3000000003140771,10
3000000003173971,10
3000000003174071,10
3000000003174171,10
3000000003174271,10
3000000003174371,10
3000000003174471,10
3000000003174571,10
3000000003174671,10
3000000003174771,10
3000000003213771,10
3000000003213871,10
3000000003213971,10
3000000003214071,10
3000000003214171,10
3000000003214271,10
3000000003214371,10
20161104007633371,10
20161105000019671,10
20161107000022071,10
20161107000033271,10
20161108000056971,10
20161109000000871,10
20161110000001271,10
20161110000029171,10
20161110000051771,10
3000000002847272,10
20161105000019772,10
20161106000010872,10
20161110000034272,10
3000000003315873,10
3000000003488973,10
3000000003489073,10
20161105000000073,10
20161106000012873,10
20161108000022973,10
20161109000032873,10
20161109000033073,10
20161109000465773,10
3000000002870574,10
3000000002900574,10
3000000002900674,10
3000000002900774,10
3000000002979274,10
3000000002979374,10
3000000002979474,10
3000000002979574,10
3000000003083374,10
3000000003083474,10
3000000003214574,10
3000000003497074,10
20161104007631174,10
20161105000015374,10
20161107000015374,10
20161109000016574,10
20161110000027474,10
20161111000011674,10
3000000002782075,10
3000000003113975,10
3000000003114075,10
3000000003114175,10
3000000003114275,10
3000000003114375,10
3000000003114475,10
3000000003114575,10
3000000003114675,10
3000000003114775,10
3000000003114875,10
3000000003114975,10
3000000003115075,10
3000000003115175,10
3000000003494575,10
3000000003494675,10
3000000003494775,10
3000000003494875,10
3000000003494975,10
3000000003530575,10
3000000003530675,10
20161104007621575,10
20161107000007475,10
20161107000008675,10
20161107000019075,10
20161108000048875,10
20161106000015876,10
20161109000007776,10
20161109000010776,10
20161110000039876,10
3000000002870477,10
3000000003322277,10
3000000003322377,10
20161104007628477,10
20161105000008377,10
20161107000001877,10
20161107000006077,10
20161109000003077,10
20161110000033077,10
20161110000039377,10
20161104007627978,10
20161105000005778,10
20161108000045978,10
20161110000012778,10
3000000002892079,10
3000000002894479,10
3000000002989379,10
3000000002989479,10
3000000003214479,10
3000000003216079,10
20161104007634779,10
20161107000014379,10
20161107000018479,10
20161109000030979,10
20161109000472379,10
20161110000000179,10
20161110000018179,10
20161110000039479,10
3000000003027880,10
3000000003027980,10
3000000003150280,10
3000000003150580,10
3000000003150680,10
3000000003150780,10
3000000003150880,10
3000000003530280,10
3000000003530380,10
20161104007631680,10
20161109000006280,10
3000000003085481,10
3000000003085681,10
3000000003085781,10
3000000003085881,10
3000000003085981,10
3000000003088681,10
3000000003088781,10
3000000003088881,10
3000000003088981,10
3000000003089081,10
3000000003089181,10
3000000003089281,10
3000000003089381,10
3000000003089481,10
3000000003089581,10
3000000003089681,10
3000000003089781,10
3000000003089881,10
3000000003089981,10
3000000003098181,10
3000000003332181,10
3000000003332281,10
3000000003332381,10
3000000003492481,10
3000000003492581,10
3000000003492681,10
20161104007622181,10
20161105000012981,10
20161109000033381,10
20161109000033481,10
20161111000000781,10
3000000002835282,10
3000000002835382,10
3000000002835482,10
3000000002835582,10
3000000002835682,10
3000000002835782,10
3000000002835882,10
3000000002835982,10
3000000002836082,10
3000000002836182,10
3000000002836282,10
3000000003172082,10
3000000003172182,10
3000000003172282,10
3000000003172382,10
20161105000006782,10
20161110000003282,10
20161110000025082,10
20161111000004682,10
3000000002870983,10
3000000002882683,10
3000000002882783,10
3000000002882883,10
3000000002882983,10
3000000002883083,10
3000000002883183,10
3000000002883283,10
3000000002883383,10
3000000002883483,10
3000000003171283,10
3000000003210183,10
3000000003210283,10
3000000003210383,10
3000000003210483,10
3000000003210583,10
3000000003210683,10
3000000003210783,10
3000000003358583,10
20161104007631983,10
20161109000012783,10
3000000002816784,10
3000000002816984,10
3000000002817084,10
3000000002817184,10
3000000002817284,10
3000000002817384,10
3000000002817484,10
3000000002817584,10
3000000002817684,10
3000000002817784,10
3000000002817884,10
3000000002817984,10
3000000002818084,10
3000000002818184,10
3000000002986684,10
3000000002986784,10
3000000002986884,10
3000000003024184,10
3000000003024284,10
3000000003185484,10
3000000003185584,10
3000000003185684,10
3000000003236584,10
3000000003236684,10
3000000003236784,10
3000000003236884,10
3000000003236984,10
3000000003237084,10
3000000003237184,10
3000000003269384,10
3000000003269484,10
3000000003269584,10
3000000003269684,10
3000000003269784,10
3000000003269884,10
3000000003269984,10
3000000003270084,10
3000000003270184,10
3000000003270284,10
3000000003270384,10
3000000003270484,10
3000000003270584,10
3000000003270684,10
3000000003272184,10
3000000003272284,10
3000000003458084,10
3000000003458184,10
3000000003458284,10
20161105000012384,10
20161107000005884,10
3000000003182185,10
3000000003182385,10
3000000003213685,10
3000000003478885,10
20161105000010285,10
20161106000011685,10
20161109000015485,10
20161109000032185,10
20161110000016785,10
3000000003016186,10
3000000003016286,10
3000000003210086,10
3000000003268886,10
3000000003268986,10
3000000003269086,10
3000000003269186,10
20161104007625286,10
20161105000001586,10
20161106000000086,10
20161108000026786,10
20161109000463886,10
20161110000004186,10
3000000003044687,10
3000000003044787,10
3000000003044887,10
3000000003044987,10
3000000003045087,10
3000000003045187,10
3000000003045287,10
3000000003205687,10
3000000003205787,10
3000000003205887,10
20161107000014187,10
20161107000023287,10
20161108000046387,10
3000000003228788,10
3000000003228888,10
3000000003229188,10
20161105000002088,10
20161108000031788,10
20161109000020988,10
3000000002881689,10
3000000002881789,10
3000000002881889,10
3000000002881989,10
3000000002930789,10
3000000002930889,10
3000000003018589,10
3000000003018689,10
3000000003018789,10
3000000003067389,10
3000000003331089,10
3000000003331189,10
20161108000048189,10
20161108000049689,10
20161109000023189,10
20161110000032689,10
20161110000033289,10
20161110000050289,10
20161111000010989,10
3000000003460390,10
3000000003484290,10
3000000003484390,10
3000000003484490,10
3000000003485090,10
3000000003485190,10
3000000003485290,10
3000000003490490,10
3000000003490590,10
3000000003490690,10
3000000003492790,10
3000000003492890,10
3000000003492990,10
3000000003493090,10
3000000003493190,10
3000000003493290,10
3000000003493390,10
3000000003493490,10
3000000003493590,10
3000000003493690,10
3000000003493790,10
3000000003493890,10
3000000003493990,10
3000000003494090,10
3000000003495190,10
3000000003495290,10
3000000003495390,10
3000000003495890,10
3000000003495990,10
3000000003496090,10
3000000003496190,10
3000000003516190,10
20161106000015590,10
20161108000046590,10
20161109000018790,10
20161110000051890,10
3000000002882091,10
3000000003176191,10
3000000003176291,10
3000000003176591,10
3000000003176691,10
3000000003176791,10
3000000003184791,10
3000000003184891,10
3000000003184991,10
3000000003185091,10
3000000003185191,10
3000000003324991,10
3000000003325091,10
3000000003325191,10
3000000003325291,10
3000000003325391,10
3000000003358791,10
3000000003395191,10
3000000003531091,10
3000000003531191,10
20161108000049791,10
20161108000058691,10
20161109000473291,10
3000000002998792,10
3000000003006392,10
20161105000016392,10
20161105000019392,10
20161109000005192,10
20161109000021092,10
20161110000051192,10
20161111000006392,10
3000000003153993,10
3000000003154093,10
3000000003154293,10
3000000003154393,10
3000000003154493,10
3000000003154593,10
3000000003154693,10
3000000003266693,10
3000000003266793,10
3000000003299193,10
3000000003299293,10
3000000003497193,10
3000000003497393,10
20161104007625793,10
20161104007628293,10
20161105000006893,10
20161109000465293,10
20161109000465393,10
20161110000014693,10
3000000003040194,10
3000000003040294,10
3000000003040394,10
3000000003040494,10
3000000003040594,10
3000000003040694,10
3000000003040794,10
3000000003055094,10
3000000003055194,10
3000000003055294,10
3000000003055394,10
3000000003267594,10
3000000003267694,10
3000000003267794,10
3000000003267894,10
3000000003267994,10
3000000003268094,10
3000000003268194,10
3000000003268294,10
3000000003268394,10
3000000003268494,10
3000000003326194,10
3000000003326294,10
3000000003326394,10
3000000003326494,10
3000000003326594,10
3000000003326694,10
3000000003326794,10
3000000003326894,10
3000000003326994,10
3000000003327094,10
3000000003327194,10
3000000003327294,10
3000000003327394,10
3000000003327494,10
3000000003330294,10
3000000003330394,10
3000000003330494,10
3000000003330694,10
3000000003348094,10
20161104007631494,10
20161105000005494,10
20161107000006294,10
20161107000011794,10
20161109000017794,10
20161109000018294,10
20161109000022394,10
20161110000021794,10
3000000002870695,10
3000000002870795,10
3000000002870895,10
3000000003458395,10
3000000003458495,10
3000000003458595,10
3000000003458695,10
3000000003458795,10
3000000003473895,10
3000000003532095,10
3000000003533095,10
20161104007632095,10
20161104007634595,10
20161107000004795,10
20161107000018695,10
20161108000057395,10
20161109000018395,10
20161110000030295,10
20161110000030395,10
3000000002878596,10
3000000002878696,10
3000000002878796,10
3000000002878896,10
3000000002878996,10
3000000002879096,10
3000000002879196,10
3000000002879296,10
3000000002879396,10
3000000002879496,10
3000000002879596,10
3000000002879696,10
3000000003016396,10
3000000003330796,10
3000000003330896,10
3000000003330996,10
3000000003332496,10
3000000003332596,10
3000000003332696,10
3000000003332796,10
3000000003332896,10
20161106000023096,10
20161108000033596,10
20161109000012996,10
20161109000030696,10
20161111000001296,10
3000000002966197,10
3000000002966297,10
3000000002966397,10
3000000002966497,10
3000000002966597,10
3000000002966797,10
3000000002966897,10
3000000002966997,10
3000000002967097,10
3000000002967197,10
3000000002967297,10
3000000002967397,10
3000000002975197,10
3000000002975297,10
3000000002975397,10
3000000002975497,10
3000000002975597,10
3000000002975697,10
3000000002975797,10
3000000002975897,10
3000000003270997,10
3000000003271097,10
3000000003271197,10
3000000003271597,10
3000000003275597,10
3000000003298597,10
3000000003380997,10
3000000003381097,10
3000000003381197,10
3000000003381397,10
3000000003381497,10
3000000003381697,10
3000000003381897,10
3000000003381997,10
3000000003382397,10
3000000003382597,10
3000000003382697,10
3000000003391397,10
3000000003391497,10
3000000003391697,10
3000000003391997,10
3000000003477697,10
3000000003478397,10
20161105000016697,10
20161110000030697,10
20161110000052197,10
3000000002880998,10
3000000003005998,10
3000000003215798,10
3000000003215898,10
3000000003215998,10
3000000003272098,10
3000000003318698,10
3000000003318798,10
3000000003318898,10
3000000003318998,10
3000000003319098,10
3000000003319198,10
20161108000020798,10
20161109000465998,10
20161110000032798,10
3000000002900899,10
3000000002900999,10
3000000002956499,10
3000000002956599,10
3000000002956699,10
3000000002956799,10
3000000002956899,10
3000000002956999,10
3000000002957099,10
3000000002957199,10
3000000002957299,10
3000000002957399,10
3000000002957499,10
3000000002957599,10
3000000002957699,10
3000000002957799,10
3000000002985699,10
3000000002995499,10
3000000002995599,10
3000000002995699,10
3000000002995799,10
3000000003012999,10
3000000003013099,10
3000000003013199,10
3000000003225899,10
3000000003454899,10
3000000003454999,10
3000000003455099,10
3000000003455199,10
3000000003455299,10
3000000003455399,10
3000000003455499,10
20161107000013099,10
20161109000031299,10
20161109000472499,10
20161110000014499,10
20161110000042299,10
20161110000050099,10
